f = 647;
b = 0.12;
v0 = 245;
h = 0.18;
zw = 0.5:0.01:2.0
d = f*b./zw
v = f* h./zw + v0
v = 245:1:480
d2 = b/h*(v-v0)

